model: ecg_classifier
accuracy: 0.8681318759918213
auc: 0.5815929174423218
precision: 0.0196078431372549
recall: 0.09090909090909091
f1_score: 0.03225806451612903
confusion_matrix: [[394, 50], [10, 1]]
----
