model: emnist_classifier
accuracy: 0.9058108329772949
precision: 0.6701985551253653
recall: 0.6631250000000001
f1_score: 0.6664546784723826
confusion_matrix: [[736, 2, 2, 6, 2, 1, 9, 4, 0, 2, 2, 0, 2, 4, 4, 4, 13, 0, 0, 0, 3, 0, 0, 3, 0, 1], [2, 753, 0, 4, 2, 0, 8, 12, 0, 1, 1, 4, 0, 1, 5, 1, 1, 1, 0, 0, 0, 0, 0, 0, 0, 4], [0, 0, 766, 1, 14, 0, 1, 0, 0, 0, 1, 4, 0, 0, 1, 0, 2, 4, 0, 2, 2, 1, 1, 0, 0, 0], [5, 1, 0, 740, 0, 1, 2, 1, 0, 3, 1, 1, 0, 2, 31, 5, 1, 1, 0, 1, 2, 0, 0, 0, 2, 0], [4, 1, 18, 0, 751, 3, 1, 0, 2, 0, 1, 2, 0, 0, 2, 2, 3, 3, 2, 2, 1, 0, 1, 1, 0, 0], [0, 1, 0, 1, 2, 743, 3, 0, 1, 0, 0, 1, 0, 0, 0, 15, 1, 6, 4, 21, 0, 0, 0, 0, 1, 0], [21, 10, 6, 1, 3, 5, 622, 1, 0, 3, 1, 0, 0, 1, 3, 1, 113, 0, 8, 0, 0, 0, 0, 1, 0, 0], [2, 1, 0, 0, 1, 0, 0, 752, 1, 1, 3, 7, 7, 14, 0, 0, 0, 0, 0, 2, 5, 0, 3, 0, 0, 1], [0, 1, 1, 1, 1, 1, 1, 0, 587, 9, 1, 188, 0, 0, 0, 0, 0, 0, 3, 1, 0, 3, 0, 0, 0, 2], [1, 2, 0, 7, 0, 1, 4, 0, 23, 737, 0, 4, 0, 0, 0, 0, 2, 0, 7, 7, 1, 1, 0, 0, 3, 0], [1, 2, 2, 1, 1, 2, 0, 18, 1, 1, 742, 3, 0, 1, 0, 0, 0, 5, 0, 3, 2, 1, 1, 11, 1, 1], [0, 0, 6, 0, 0, 0, 0, 6, 171, 1, 0, 611, 0, 0, 1, 0, 1, 0, 0, 1, 0, 0, 0, 0, 1, 1], [2, 0, 0, 0, 0, 0, 0, 3, 0, 0, 0, 0, 775, 11, 0, 1, 0, 1, 0, 1, 2, 0, 3, 1, 0, 0], [7, 1, 0, 2, 0, 0, 0, 10, 0, 2, 1, 0, 11, 746, 0, 0, 0, 7, 0, 0, 2, 2, 6, 2, 1, 0], [2, 0, 2, 12, 0, 0, 1, 0, 0, 0, 0, 0, 0, 2, 778, 0, 1, 0, 0, 0, 2, 0, 0, 0, 0, 0], [1, 1, 0, 7, 1, 6, 1, 0, 0, 0, 0, 0, 0, 1, 1, 770, 3, 4, 0, 1, 0, 1, 0, 0, 2, 0], [29, 2, 1, 2, 2, 5, 67, 0, 2, 1, 0, 0, 0, 1, 11, 3, 663, 0, 1, 2, 3, 0, 0, 0, 3, 2], [6, 3, 1, 0, 2, 2, 0, 0, 1, 0, 1, 2, 1, 1, 0, 2, 3, 747, 1, 4, 0, 9, 0, 5, 7, 2], [0, 0, 0, 0, 0, 1, 4, 1, 0, 5, 0, 0, 0, 0, 1, 0, 1, 0, 387, 0, 0, 0, 0, 0, 0, 0], [0, 0, 0, 0, 0, 0, 0, 0, 0, 0, 0, 0, 0, 0, 0, 0, 0, 0, 0, 0, 0, 0, 0, 0, 0, 0], [0, 0, 0, 0, 0, 0, 0, 0, 0, 0, 0, 0, 0, 0, 0, 0, 0, 0, 0, 0, 0, 0, 0, 0, 0, 0], [0, 0, 0, 0, 0, 0, 0, 0, 0, 0, 0, 0, 0, 0, 0, 0, 0, 0, 0, 0, 0, 0, 0, 0, 0, 0], [0, 0, 0, 0, 0, 0, 0, 0, 0, 0, 0, 0, 0, 0, 0, 0, 0, 0, 0, 0, 0, 0, 0, 0, 0, 0], [0, 0, 0, 0, 0, 0, 0, 0, 0, 0, 0, 0, 0, 0, 0, 0, 0, 0, 0, 0, 0, 0, 0, 0, 0, 0], [0, 0, 0, 0, 0, 0, 0, 0, 0, 0, 0, 0, 0, 0, 0, 0, 0, 0, 0, 0, 0, 0, 0, 0, 0, 0], [0, 0, 0, 0, 0, 0, 0, 0, 0, 0, 0, 0, 0, 0, 0, 0, 0, 0, 0, 0, 0, 0, 0, 0, 0, 0]]
----
